-40.8600586205
-84.96026209
-20.2054617111
-23.540353035
-37.2789349195
-27.1656084156
-23.1180345066
-67.6918030518
-26.1469434893
-32.9191330941
-54.9785972053
-43.2656506753
-25.005081097
-22.3335487521
-10.7953563117
-49.5658602392
-15.3906139757
-54.1842940907
-28.8776332638
-58.9450651187
-inf
-20.4481739095
-20.4152297537
-25.3975814856
-14.8995261406
-25.1860117824
-inf
-57.3715890915
-45.8442217864
-9.76419328618
-inf
-32.4145549975
-18.9389377134
-30.3210514175
-37.3412517981
-28.0165947907
-12.3428315914
-15.9715894931
-20.1670938524
-35.2725210348
-17.1657435894
-43.8378985167
-16.6267470886
-inf
-42.2131401675
-19.6826340459
-22.0710326749
-8.66317463623
-20.8517923984
-28.8061581687
-32.907855239
-11.9329041294
-inf
-inf
-9.87551944502
-29.348778429
-46.645543951
-9.9360435431
